[[0,174,296,434,594,684,504,414,334,386,698,724,822,1002,908,944,1236,1244,952,1080,1120,1088,1762,1034,2125.0280023193354,1372,1668,1558.5140011596677,1650,1778,1880,2008,2008,1961.0280023193354,2050.8311924232717,2209.0757583833374,1965.0757583833376,1801.0757583833376,2004.063019388814,1332,1326,1372,1582,1334,1186,1314,1866.8311924232717,2104,2033.0280023193354,456,1168,1416.2659988403325,1537.2084930232368,1396,2176,880,910,1702.8311924232717,1873.8977035187202,1943.3837023590524,87.34400115966798,539.1623686007676,604.3423686007677,838.4223686007679,983.9459988403321,827.2959988403322,839.2959988403322,1262.5140011596677,1628,1893.5523686007682,1938.5140011596677,1423.734001159668,2124.1803709201035,2265.4142301286965,2132.648789260117,1321.771324812329,1472.414230128697],[174,0,122,260,420,510,330,240,160,212,524,550,648,828,734,770,1062,1070,778,906,946,914,1588,860,1951.0280023193354,1198,1494,1384.5140011596677,1476,1604,1706,1834,1834,1787.0280023193354,1876.8311924232717,2035.0757583833376,1791.0757583833376,1627.0757583833376,1830.063019388814,1158,1152,1198,1408,1160,1012,1140,1692.8311924232717,1930,1859.0280023193354,282,994,1242.2659988403325,1363.2084930232368,1222,2002,706,736,1528.8311924232717,1699.8977035187202,1769.3837023590524,86.65599884033202,365.1623686007677,430.3423686007677,664.4223686007679,809.9459988403322,653.2959988403322,665.2959988403322,1088.5140011596677,1454,1719.5523686007682,1764.5140011596677,1249.734001159668,1950.1803709201035,2091.4142301286965,1958.648789260117,1147.771324812329,1298.414230128697],[296,122,0,138,298,388,292,202,282,334,644.015150645674,512,610,706,696,732,1024,1048,756,1026.015150645674,1066.015150645674,792,1550,822,1913.0280023193354,1176,1472,1346.5140011596677,1438,1566,1668,1796,1796,1749.0280023193354,1854.8311924232717,2013.0757583833376,1769.0757583833376,1605.0757583833376,1808.0630193888142,1120,1114,1318.015150645674,1528.015150645674,1280.015150645674,990,1260.015150645674,1670.8311924232717,1892,1821.0280023193354,160,1114.015150645674,1362.2811494860066,1483.2236436689109,1342.015150645674,1964,826.015150645674,856.015150645674,1506.8311924232717,1661.8977035187202,1731.3837023590524,208.65599884033202,487.1623686007677,392.3423686007677,542.4223686007679,929.9611494860062,773.3111494860062,785.3111494860062,1050.5140011596677,1416,1681.5523686007682,1726.5140011596677,1211.734001159668,1912.1803709201035,2053.4142301286965,1936.6487892601172,1125.771324812329,1260.414230128697],[434,260,138,0,160,250,430,340,420,472,782.015150645674,650,748,568,834,870,1162,1186,894,1164.015150645674,1204.015150645674,654,1496,708,1998,1314,1610,1431.4859988403323,1384,1512,1614,1742,1742,1834,1992.8311924232717,2151.0757583833374,1907.0757583833376,1743.0757583833376,1946.063019388814,1066,1000,1456.015150645674,1666.015150645674,1418.015150645674,1128,1398.015150645674,1808.8311924232717,1838,1906,298,1252.015150645674,1500.2811494860066,1621.2236436689109,1480.015150645674,1910,964.015150645674,994.015150645674,1644.8311924232717,1746.8697011993847,1677.3837023590524,346.655998840332,625.1623686007676,530.3423686007677,404.42236860076787,1067.9611494860062,911.3111494860062,923.3111494860062,1135.4859988403323,1362,1627.5523686007682,1811.4859988403323,1097.734001159668,1997.152368600768,1999.4142301286968,2074.648789260117,1263.771324812329,1206.414230128697],[594,420,298,160,0,90,270,180,260,312,622.015150645674,490,588,408,674,710,1002,1026,734,1004.015150645674,1044.015150645674,494,1336,548,1838,1154,1450,1271.4859988403323,1224,1352,1454,1582,1582,1674,1832.8311924232717,1991.0757583833376,1747.0757583833376,1583.0757583833376,1786.063019388814,906,840,1296.015150645674,1506.015150645674,1258.015150645674,968,1238.015150645674,1648.8311924232717,1678,1746,138,1092.015150645674,1340.2811494860066,1461.2236436689109,1320.015150645674,1750,804.015150645674,834.015150645674,1484.8311924232717,1586.8697011993847,1517.3837023590524,506.655998840332,465.1623686007677,370.3423686007677,244.42236860076787,907.9611494860062,751.3111494860062,763.3111494860062,975.4859988403323,1202,1467.5523686007682,1651.4859988403323,937.734001159668,1837.152368600768,1839.4142301286968,1914.648789260117,1103.771324812329,1046.414230128697],[684,510,388,250,90,0,180,270,350,402,532.015150645674,400,498,318,584,620,912,936,644,914.015150645674,954.015150645674,404,1246,458,1748,1064,1360,1181.4859988403323,1134,1262,1364,1492,1492,1584,1742.8311924232717,1901.0757583833376,1657.0757583833376,1493.0757583833376,1696.063019388814,816,750,1206.015150645674,1416.015150645674,1168.015150645674,878,1148.015150645674,1558.8311924232717,1588,1656,228,1002.015150645674,1250.2811494860066,1371.2236436689109,1230.015150645674,1660,714.015150645674,744.015150645674,1394.8311924232717,1496.8697011993847,1427.3837023590524,596.655998840332,555.1623686007676,280.3423686007677,154.42236860076787,817.9611494860062,661.3111494860062,673.3111494860062,885.4859988403323,1112,1377.5523686007682,1561.4859988403323,847.734001159668,1747.152368600768,1749.4142301286968,1824.648789260117,1013.7713248123291,956.414230128697],[504,330,292,430,270,180,0,90,170,222,352.015150645674,220,318,498,404,440,732,756,464,734.015150645674,774.015150645674,584,1258,530,1621.0280023193354,884,1180,1054.5140011596677,1146,1274,1376,1504,1504,1457.0280023193354,1562.8311924232717,1721.0757583833376,1477.0757583833376,1313.0757583833376,1516.0630193888142,828,822,1026.015150645674,1236.015150645674,988.015150645674,698,968.015150645674,1378.8311924232717,1600,1529.0280023193354,132,822.015150645674,1070.2811494860066,1191.2236436689109,1050.015150645674,1672,534.015150645674,564.015150645674,1214.8311924232717,1369.8977035187202,1439.3837023590524,416.655998840332,375.1623686007677,100.34236860076771,334.42236860076787,637.9611494860062,481.31114948600623,493.31114948600623,758.5140011596677,1124,1389.5523686007682,1434.5140011596677,919.734001159668,1620.1803709201035,1761.4142301286968,1644.6487892601172,833.7713248123291,968.414230128697],[414,240,202,340,180,270,90,0,80,132,442.015150645674,310,408,588,494,530,822,846,554,824.015150645674,864.015150645674,674,1348,620,1711.0280023193354,974,1270,1144.5140011596677,1236,1364,1466,1594,1594,1547.0280023193354,1652.8311924232717,1811.0757583833376,1567.0757583833376,1403.0757583833376,1606.0630193888142,918,912,1116.015150645674,1326.015150645674,1078.015150645674,788,1058.015150645674,1468.8311924232717,1690,1619.0280023193354,42,912.015150645674,1160.2811494860066,1281.2236436689109,1140.015150645674,1762,624.015150645674,654.015150645674,1304.8311924232717,1459.8977035187202,1529.3837023590524,326.655998840332,285.1623686007677,190.3423686007677,424.42236860076787,727.9611494860062,571.3111494860062,583.3111494860062,848.5140011596677,1214,1479.5523686007682,1524.5140011596677,1009.734001159668,1710.1803709201035,1851.4142301286968,1734.6487892601172,923.7713248123291,1058.414230128697],[334,160,282,420,260,350,170,80,0,52,364,390,488,668,574,610,902,910,618,746,786,754,1428,700,1791.0280023193354,1038,1334,1224.5140011596677,1316,1444,1546,1674,1674,1627.0280023193354,1716.8311924232717,1875.0757583833376,1631.0757583833376,1467.0757583833376,1670.063019388814,998,992,1038,1248,1000,852,980,1532.8311924232717,1770,1699.0280023193354,122,834,1082.2659988403325,1203.2084930232368,1062,1842,546,576,1368.8311924232717,1539.8977035187202,1609.3837023590524,246.65599884033202,205.1623686007677,270.3423686007677,504.42236860076787,649.9459988403322,493.29599884033223,505.29599884033223,928.5140011596677,1294,1559.5523686007682,1604.5140011596677,1089.734001159668,1790.1803709201035,1931.4142301286968,1798.648789260117,987.7713248123291,1138.414230128697],[386,212,334,472,312,402,222,132,52,0,312,442,540,720,626,590,882,858,566,694,734,806,1408,752,1771.0280023193354,986,1282,1204.5140011596677,1296,1424,1526,1654,1654,1607.0280023193354,1664.8311924232717,1823.0757583833376,1579.0757583833376,1415.0757583833376,1618.063019388814,978,1044,986,1196,948,800,928,1480.8311924232717,1750,1679.0280023193354,174,782,1030.2659988403325,1151.2084930232368,1010,1822,494,524,1316.8311924232717,1519.8977035187202,1589.3837023590524,298.655998840332,153.1623686007677,322.3423686007677,556.4223686007679,597.9459988403322,441.29599884033223,453.29599884033223,908.5140011596677,1274,1539.5523686007682,1584.5140011596677,1141.734001159668,1770.1803709201035,1911.4142301286968,1746.648789260117,935.7713248123291,1118.414230128697],[698,524,644.015150645674,782.015150645674,622.015150645674,532.015150645674,352.015150645674,442.015150645674,364,312,0,132.015150645674,230.015150645674,410.015150645674,314,278,570,546,254,382,422,494,1096,440,1459.0280023193354,674,970,892.5140011596677,984,1112,1214,1342,1342,1295.0280023193354,1352.8311924232717,1511.0757583833376,1267.0757583833376,1103.0757583833376,1306.0630193888142,666,732,674,884,636,488,616,1168.8311924232717,1438,1367.0280023193354,484.015150645674,470,718.2659988403326,839.2084930232368,698,1510,182,212,1004.8311924232717,1207.8977035187202,1277.3837023590524,610.655998840332,158.8376313992323,251.67278204490628,573.5927820449061,285.9459988403322,129.29599884033223,141.29599884033223,596.5140011596677,962,1227.5523686007682,1272.5140011596677,829.734001159668,1458.1803709201035,1599.4142301286968,1434.6487892601172,623.7713248123291,806.414230128697],[724,550,512,650,490,400,220,310,390,442,132.015150645674,0,98,278,184,220,512,536,244,514.015150645674,554.015150645674,364,1038,310,1401.0280023193354,664,960,834.5140011596677,926,1054,1156,1284,1284,1237.0280023193354,1342.8311924232717,1501.0757583833376,1257.0757583833376,1093.0757583833376,1296.0630193888142,608,602,806.015150645674,1016.015150645674,768.015150645674,478,748.015150645674,1158.8311924232717,1380,1309.0280023193354,352,602.015150645674,850.2811494860066,971.2236436689108,830.015150645674,1452,314.015150645674,344.015150645674,994.8311924232717,1149.8977035187202,1219.3837023590524,636.655998840332,290.8527820449063,119.65763139923229,441.57763139923213,417.9611494860062,261.31114948600623,273.31114948600623,538.5140011596677,904,1169.5523686007682,1214.5140011596677,699.734001159668,1400.1803709201035,1541.4142301286968,1424.6487892601172,613.7713248123291,748.414230128697],[822,648,610,748,588,498,318,408,488,540,230.015150645674,98,0,180,86,122,414,438,146,418,652.015150645674,266,940,212,1303.0280023193354,566,862,736.5140011596677,828,956,1058,1186,1186,1139.0280023193354,1244.8311924232717,1403.0757583833376,1159.0757583833376,995.0757583833376,1198.0630193888142,510,504,710,920,866.015150645674,380,652,1060.8311924232717,1282,1211.0280023193354,450,700.015150645674,948.2811494860066,1069.2236436689109,928.015150645674,1354,218,442.015150645674,896.8311924232717,1051.8977035187202,1121.3837023590524,734.655998840332,388.8527820449063,217.6576313992323,343.57763139923213,321.9459988403322,359.31114948600623,371.31114948600623,440.5140011596677,806,1071.5523686007682,1116.5140011596677,601.734001159668,1302.1803709201035,1443.4142301286968,1326.6487892601172,515.7713248123291,650.414230128697],[1002,828,706,568,408,318,498,588,668,720,410.015150645674,278,180,0,266,302,594,618,326,598,832.015150645674,86,928,140,1430,746,1042,863.4859988403323,816,944,1046,1174,1174,1266,1424.8311924232717,1583.0757583833376,1339.0757583833376,1175.0757583833376,1378.0630193888142,498,432,890,1100,1046.015150645674,560,832,1240.8311924232717,1270,1338,546,880.015150645674,1128.2811494860066,1249.2236436689109,1108.015150645674,1342,398,622.015150645674,1076.8311924232717,1178.8697011993847,1109.3837023590524,914.655998840332,568.8527820449062,397.6576313992323,163.57763139923213,501.9459988403322,539.3111494860062,551.3111494860062,567.4859988403323,794,1059.5523686007682,1243.4859988403323,529.734001159668,1429.152368600768,1431.4142301286968,1506.6487892601172,695.7713248123291,638.414230128697],[908,734,696,834,674,584,404,494,574,626,314,184,86,266,0,36,328,352,60,332,712,180,854,126,1217.0280023193354,480,776,650.5140011596677,742,870,972,1100,1100,1053.0280023193354,1158.8311924232717,1317.0757583833376,1073.0757583833376,909.0757583833376,1112.0630193888142,424,418,624,834,926,294,566,974.8311924232717,1196,1125.0280023193354,536,760,1008.2659988403326,1129.2084930232368,988,1268,132,502,810.8311924232717,965.8977035187202,1035.3837023590524,820.655998840332,472.8376313992323,303.6576313992323,429.57763139923213,235.9459988403322,443.29599884033223,455.29599884033223,354.5140011596677,720,985.5523686007682,1030.5140011596677,515.734001159668,1216.1803709201035,1357.4142301286968,1240.6487892601172,429.7713248123291,564.414230128697],[944,770,732,870,710,620,440,530,610,590,278,220,122,302,36,0,292,316,24,296,676,216,818,162,1181.0280023193354,444,740,614.5140011596677,706,834,936,1064,1064,1017.0280023193354,1122.8311924232717,1281.0757583833376,1037.0757583833376,873.0757583833376,1076.0630193888142,388,454,588,798,890,258,530,938.8311924232717,1160,1089.0280023193354,572,724,972.2659988403326,1093.2084930232368,952,1232,96,466,774.8311924232717,929.8977035187202,999.3837023590524,856.655998840332,436.8376313992323,339.6576313992323,465.57763139923213,199.9459988403322,407.29599884033223,419.29599884033223,318.5140011596677,684,949.5523686007682,994.5140011596677,551.734001159668,1180.1803709201035,1321.4142301286968,1204.6487892601172,393.7713248123291,528.414230128697],[1236,1062,1024,1162,1002,912,732,822,902,882,570,512,414,594,328,292,0,24,316,588,968,508,526,454,889.0280023193354,152,448,322.5140011596677,414,542,644,772,772,725.0280023193354,830.8311924232717,989.0757583833376,745.0757583833376,581.0757583833376,784.063019388814,96,162,296,506,754,82,354,646.8311924232717,868,797.0280023193354,864,1016,1264.2659988403325,1385.2084930232368,816,940,388,758,482.83119242327166,637.8977035187202,707.3837023590524,1148.655998840332,728.8376313992324,631.6576313992323,757.5776313992321,491.9459988403322,699.2959988403322,711.2959988403322,26.514001159667714,392,657.5523686007682,702.5140011596677,259.73400115966797,888.1803709201035,1029.4142301286968,912.648789260117,217.7713248123291,236.414230128697],[1244,1070,1048,1186,1026,936,756,846,910,858,546,536,438,618,352,316,24,0,292,564,944,532,550,478,913.0280023193354,128,424,346.5140011596677,438,566,668,796,796,749.0280023193354,806.8311924232717,965.0757583833376,721.0757583833376,557.0757583833376,760.063019388814,120,186,272,482,730,58,330,622.8311924232717,892,821.0280023193354,888,992,1240.2659988403325,1361.2084930232368,792,964,364,734,458.83119242327166,661.8977035187202,731.3837023590524,1156.6559988403321,704.8376313992324,655.6576313992323,781.5776313992321,467.9459988403322,675.2959988403322,687.2959988403322,50.514001159667714,416,681.5523686007682,726.5140011596677,283.73400115966797,912.1803709201035,1053.4142301286968,888.648789260117,193.7713248123291,260.414230128697],[952,778,756,894,734,644,464,554,618,566,254,244,146,326,60,24,316,292,0,272,652,240,842,186,1205.0280023193354,420,716,638.5140011596677,730,858,960,1088,1088,1041.0280023193354,1098.8311924232717,1257.0757583833376,1013.0757583833376,849.0757583833376,1052.0630193888142,412,478,564,774,866,234,506,914.8311924232717,1184,1113.0280023193354,596,700,948.2659988403326,1069.2084930232368,928,1256,72,442,750.8311924232717,953.8977035187202,1023.3837023590524,864.655998840332,412.8376313992323,363.6576313992323,489.57763139923213,175.9459988403322,383.29599884033223,395.29599884033223,342.5140011596677,708,973.5523686007682,1018.5140011596677,575.734001159668,1204.1803709201035,1345.4142301286968,1180.6487892601172,369.7713248123291,552.414230128697],[1080,906,1026.015150645674,1164.015150645674,1004.015150645674,914.015150645674,734.015150645674,824.015150645674,746,694,382,514.015150645674,418,598,332,296,588,564,272,0,380,512,1114,458,1448.5866264632057,436,732,910.5140011596677,1002,1130,1232,1360,1360,1284.5866264632057,1114.8311924232717,1273.0757583833376,1029.0757583833376,865.0757583833376,1068.0630193888142,684,750,292,502,594,506,234,930.8311924232717,1456,1356.5866264632057,866.015150645674,428,676.2659988403326,797.2084930232368,656,1528,200,170,766.8311924232717,1225.8977035187202,1295.3837023590524,992.655998840332,540.8376313992324,633.6727820449063,761.5776313992321,96.05400115966779,252.70400115966777,240.70400115966777,614.5140011596677,980,1245.5523686007682,1290.5140011596677,847.734001159668,1447.7389950639738,1617.4142301286968,1196.6487892601172,370.2286751876709,824.414230128697],[1120,946,1066.015150645674,1204.015150645674,1044.015150645674,954.015150645674,774.015150645674,864.015150645674,786,734,422,554.015150645674,652.015150645674,832.015150645674,712,676,968,944,652,380,0,892,1494,838,1828.5866264632057,816,1112,1290.5140011596677,1382,1510,1612,1740,1740,1664.5866264632057,1494.8311924232717,1653.0757583833376,1409.0757583833376,1245.0757583833376,1448.0630193888142,1064,1130,672,462,214,886,614,1310.8311924232717,1836,1736.5866264632057,906.015150645674,48,296.2659988403326,417.2084930232368,276,1908,580,210,1146.8311924232717,1605.8977035187202,1675.3837023590524,1032.655998840332,580.8376313992324,673.6727820449063,995.5927820449061,476.0540011596678,292.70400115966777,280.70400115966777,994.5140011596677,1360,1625.5523686007682,1670.5140011596677,1227.734001159668,1827.7389950639738,1997.4142301286968,1576.6487892601172,750.2286751876709,1204.414230128697],[1088,914,792,654,494,404,584,674,754,806,494,364,266,86,180,216,508,532,240,512,892,0,842,54,1344,660,956,777.4859988403323,730,858,960,1088,1088,1180,1338.8311924232717,1497.0757583833376,1253.0757583833376,1089.0757583833376,1292.0630193888142,412,346,804,1014,1106,474,746,1154.8311924232717,1184,1252,632,940,1188.2659988403325,1309.2084930232368,1168,1256,312,682,990.8311924232717,1092.8697011993847,1023.3837023590524,1000.655998840332,652.8376313992324,483.6576313992323,249.57763139923213,415.9459988403322,623.2959988403322,635.2959988403322,481.4859988403323,708,973.5523686007682,1157.4859988403323,443.73400115966797,1343.152368600768,1345.4142301286968,1420.6487892601172,609.7713248123291,552.414230128697],[1762,1588,1550,1496,1336,1246,1258,1348,1428,1408,1096,1038,940,928,854,818,526,550,842,1114,1494,842,0,788,502,678,382,203.4859988403323,112,240,118,246,246,338,507.755434039934,923.0757583833376,679.0757583833376,515.0757583833376,718.063019388814,430,496,822,1032,1280,608,880,580.8311924232717,342,410,1390,1542,1790.2659988403325,1911.2084930232368,1342,414,914,1284,416.83119242327166,250.86970119938474,181.38370235905245,1674.655998840332,1254.8376313992324,1157.6576313992323,1091.5776313992321,1017.9459988403322,1225.2959988403322,1237.2959988403322,499.4859988403323,134,355.5523686007682,315.4859988403323,593.734001159668,501.1523686007681,503.4142301286968,846.648789260117,743.7713248123291,289.585769871303],[1034,860,822,708,548,458,530,620,700,752,440,310,212,140,126,162,454,478,186,458,838,54,788,0,1290,606,902,723.4859988403323,676,804,906,1034,1034,1126,1284.8311924232717,1443.0757583833376,1199.0757583833376,1035.0757583833376,1238.0630193888142,358,292,750,960,1052,420,692,1100.8311924232717,1130,1198,662,886,1134.2659988403325,1255.2084930232368,1114,1202,258,628,936.8311924232717,1038.8697011993847,969.3837023590524,946.655998840332,598.8376313992324,429.6576313992323,303.57763139923213,361.9459988403322,569.2959988403322,581.2959988403322,427.4859988403323,654,919.5523686007682,1103.4859988403323,389.73400115966797,1289.152368600768,1291.4142301286968,1366.6487892601172,555.7713248123291,498.414230128697],[2125.0280023193354,1951.0280023193354,1913.0280023193354,1998,1838,1748,1621.0280023193354,1711.0280023193354,1791.0280023193354,1771.0280023193354,1459.0280023193354,1401.0280023193354,1303.0280023193354,1430,1217.0280023193354,1181.0280023193354,889.0280023193354,913.0280023193354,1205.0280023193354,1448.5866264632057,1828.5866264632057,1344,502,1290,0,1012.5866264632057,716.5866264632057,566.5140011596677,614,742,384,512,256,164,333.755434039934,860,616,780,982.9872610054764,932,998,1156.5866264632057,1366.5866264632057,1614.5866264632057,971.0280023193354,1214.5866264632057,517.755434039934,168,92,1753.0280023193354,1876.5866264632057,2124.852625303538,2245.7951194864427,1676.5866264632057,96,1277.0280023193354,1618.5866264632057,681.755434039934,251.13029880061526,320.61629764094755,2037.6840011596673,1617.8656337185678,1520.6856337185677,1593.5776313992321,1380.9740011596678,1588.3240011596677,1600.3240011596677,862.5140011596677,636,626.4476313992318,186.5140011596677,1095.734001159668,183.1523686007681,185.41423012869677,1111.5730308767793,1106.7993271316645,791.585769871303],[1372,1198,1176,1314,1154,1064,884,974,1038,986,674,664,566,746,480,444,152,128,420,436,816,660,678,606,1012.5866264632057,0,296,474.5140011596677,566,694,796,924,924,848.5866264632057,678.8311924232717,837.0757583833376,593.0757583833376,429.07575838333764,632.063019388814,248,314,144,354,602,186,202,494.83119242327166,1020,920.5866264632057,1016,864,1112.2659988403325,1233.2084930232368,664,1092,492,606,330.83119242327166,789.8977035187202,859.3837023590524,1284.6559988403321,832.8376313992324,783.6576313992323,909.5776313992321,532.0540011596678,688.7040011596678,676.7040011596678,178.5140011596677,544,809.5523686007682,854.5140011596677,411.73400115966797,1011.7389950639738,1181.4142301286968,760.648789260117,321.7713248123291,388.414230128697],[1668,1494,1472,1610,1450,1360,1180,1270,1334,1282,970,960,862,1042,776,740,448,424,716,732,1112,956,382,902,716.5866264632057,296,0,178.5140011596677,270,398,500,628,628,552.5866264632057,382.83119242327166,541.0757583833376,297.07575838333764,133.07575838333761,336.06301938881404,544,610,440,650,898,482,498,198.83119242327163,724,624.5866264632057,1312,1160,1408.2659988403325,1529.2084930232368,960,796,788,902,34.83119242327164,493.89770351872016,563.3837023590524,1580.6559988403321,1128.8376313992324,1079.6576313992323,1205.5776313992321,828.0540011596678,984.7040011596678,972.7040011596678,474.5140011596677,248,513.5523686007682,558.5140011596677,707.734001159668,715.7389950639738,885.4142301286968,464.64878926011704,617.7713248123291,403.585769871303],[1558.5140011596677,1384.5140011596677,1346.5140011596677,1431.4859988403323,1271.4859988403323,1181.4859988403323,1054.5140011596677,1144.5140011596677,1224.5140011596677,1204.5140011596677,892.5140011596677,834.5140011596677,736.5140011596677,863.4859988403323,650.5140011596677,614.5140011596677,322.5140011596677,346.5140011596677,638.5140011596677,910.5140011596677,1290.5140011596677,777.4859988403323,203.4859988403323,723.4859988403323,566.5140011596677,474.5140011596677,178.5140011596677,0,91.48599884033229,219.4859988403323,321.4859988403323,449.4859988403323,449.4859988403323,402.5140011596677,561.3451935829394,719.5897595430054,475.58975954300536,311.58975954300536,514.5770205484818,365.4859988403323,431.4859988403323,618.5140011596677,828.5140011596677,1076.5140011596677,404.5140011596677,676.5140011596677,377.3451935829394,545.4859988403323,474.5140011596677,1186.5140011596677,1338.5140011596677,1586.7800000000002,1707.7224941829045,1138.5140011596677,617.4859988403323,710.5140011596677,1080.5140011596677,213.34519358293934,315.38370235905245,384.86970119938474,1471.1699999999996,1051.3516325589,954.1716325589,1027.0636302395644,814.4599999999999,1021.81,1033.81,296,69.48599884033229,335.0383674411005,380,529.2200000000003,565.6663697604358,706.9002289690291,643.1627904197848,540.2853259719968,225.0717687116353],[1650,1476,1438,1384,1224,1134,1146,1236,1316,1296,984,926,828,816,742,706,414,438,730,1002,1382,730,112,676,614,566,270,91.48599884033229,0,128,230,358,358,450,619.755434039934,811.0757583833376,567.0757583833376,403.07575838333764,606.063019388814,318,384,710,920,1168,496,768,468.83119242327166,454,522,1278,1430,1678.2659988403325,1799.2084930232368,1230,526,802,1172,304.83119242327166,362.86970119938474,293.38370235905245,1562.655998840332,1142.8376313992324,1045.6576313992323,979.5776313992321,905.9459988403322,1113.2959988403322,1125.2959988403322,387.4859988403323,22,243.5523686007682,427.4859988403323,481.73400115966797,613.1523686007681,615.4142301286968,734.648789260117,631.7713248123291,177.585769871303],[1778,1604,1566,1512,1352,1262,1274,1364,1444,1424,1112,1054,956,944,870,834,542,566,858,1130,1510,858,240,804,742,694,398,219.4859988403323,128,0,358,230,486,578,747.755434039934,939.0757583833376,695.0757583833376,531.0757583833376,734.063019388814,446,512,838,1048,1296,624,896,596.8311924232717,582,650,1406,1558,1806.2659988403325,1927.2084930232368,1358,654,930,1300,432.83119242327166,490.86970119938474,421.38370235905245,1690.655998840332,1270.8376313992324,1173.6576313992323,1107.5776313992321,1033.9459988403323,1241.2959988403322,1253.2959988403322,515.4859988403323,150,115.5523686007682,555.4859988403323,609.734001159668,741.1523686007681,743.4142301286968,862.648789260117,759.7713248123291,305.585769871303],[1880,1706,1668,1614,1454,1364,1376,1466,1546,1526,1214,1156,1058,1046,972,936,644,668,960,1232,1612,960,118,906,384,796,500,321.4859988403323,230,358,0,128,128,220,389.755434039934,916,672,633.0757583833376,836.063019388814,548,614,940,1150,1398,726,998,573.755434039934,224,292,1508,1660,1908.2659988403325,2029.2084930232368,1460,296,1032,1402,534.8311924232717,132.86970119938474,63.38370235905245,1792.655998840332,1372.8376313992324,1275.6576313992323,1209.5776313992321,1135.9459988403323,1343.2959988403322,1355.2959988403322,617.4859988403323,252,242.4476313992318,197.4859988403323,711.734001159668,383.1523686007681,385.4142301286968,964.648789260117,861.7713248123291,407.585769871303],[2008,1834,1796,1742,1582,1492,1504,1594,1674,1654,1342,1284,1186,1174,1100,1064,772,796,1088,1360,1740,1088,246,1034,512,924,628,449.4859988403323,358,230,128,0,256,348,517.755434039934,1044,800,761.0757583833376,964.063019388814,676,742,1068,1278,1526,854,1126,701.755434039934,352,420,1636,1788,2036.2659988403325,2157.2084930232368,1588,424,1160,1530,662.8311924232717,260.86970119938474,191.38370235905245,1920.655998840332,1500.8376313992324,1403.6576313992323,1337.5776313992321,1263.9459988403323,1471.2959988403322,1483.2959988403322,745.4859988403323,380,114.4476313992318,325.4859988403323,839.734001159668,511.1523686007681,513.4142301286968,1092.6487892601172,989.7713248123291,535.585769871303],[2008,1834,1796,1742,1582,1492,1504,1594,1674,1654,1342,1284,1186,1174,1100,1064,772,796,1088,1360,1740,1088,246,1034,256,924,628,449.4859988403323,358,486,128,256,0,92,261.755434039934,788,544,708,910.9872610054764,676,742,1068,1278,1526,854,1126,445.755434039934,96,164,1636,1788,2036.2659988403325,2157.2084930232368,1588,168,1160,1530,609.755434039934,134.10229648127984,64.61629764094755,1920.655998840332,1500.8376313992324,1403.6576313992323,1337.5776313992321,1263.9459988403323,1471.2959988403322,1483.2959988403322,745.4859988403323,380,370.4476313992318,69.48599884033229,839.734001159668,255.1523686007681,257.4142301286968,1039.5730308767793,989.7713248123291,535.585769871303],[1961.0280023193354,1787.0280023193354,1749.0280023193354,1834,1674,1584,1457.0280023193354,1547.0280023193354,1627.0280023193354,1607.0280023193354,1295.0280023193354,1237.0280023193354,1139.0280023193354,1266,1053.0280023193354,1017.0280023193354,725.0280023193354,749.0280023193354,1041.0280023193354,1284.5866264632057,1664.5866264632057,1180,338,1126,164,848.5866264632057,552.5866264632057,402.5140011596677,450,578,220,348,92,0,169.75543403993402,696,452,616,818.9872610054764,768,834,992.5866264632057,1202.5866264632057,1450.5866264632057,807.0280023193354,1050.5866264632057,353.755434039934,188,72,1589.0280023193354,1712.5866264632057,1960.8526253035382,2081.7951194864427,1512.5866264632057,260,1113.0280023193354,1454.5866264632057,517.755434039934,87.13029880061526,156.61629764094755,1873.6840011596673,1453.8656337185678,1356.6856337185677,1429.5776313992321,1216.9740011596678,1424.3240011596677,1436.3240011596677,698.5140011596677,472,462.4476313992318,22.514001159667714,931.734001159668,163.1523686007681,349.4142301286968,947.5730308767794,942.7993271316645,627.585769871303],[2050.8311924232717,1876.8311924232717,1854.8311924232717,1992.8311924232717,1832.8311924232717,1742.8311924232717,1562.8311924232717,1652.8311924232717,1716.8311924232717,1664.8311924232717,1352.8311924232717,1342.8311924232717,1244.8311924232717,1424.8311924232717,1158.8311924232717,1122.8311924232717,830.8311924232717,806.8311924232717,1098.8311924232717,1114.8311924232717,1494.8311924232717,1338.8311924232717,507.755434039934,1284.8311924232717,333.755434039934,678.8311924232717,382.83119242327166,561.3451935829394,619.755434039934,747.755434039934,389.755434039934,517.755434039934,261.755434039934,169.75543403993402,0,526.244565960066,282.244565960066,446.244565960066,649.2318269655424,926.8311924232717,992.8311924232717,822.8311924232717,1032.8311924232717,1280.8311924232717,864.8311924232717,880.8311924232717,184,357.755434039934,241.75543403993402,1694.8311924232717,1542.8311924232717,1791.0971912636041,1912.0396854465084,1342.8311924232717,429.755434039934,1170.8311924232717,1284.8311924232717,348,256.8857328405493,326.37173168088157,1963.4871912636038,1511.668823822504,1462.488823822504,1588.4088238225038,1210.8851935829393,1367.5351935829394,1355.5351935829394,857.3451935829394,630.8311924232717,632.2030654391658,192.26943519960173,1090.5651935829396,332.90780264070213,519.1696641686308,777.8175968368454,1000.6025172356008,786.4169622945747],[2209.0757583833374,2035.0757583833376,2013.0757583833376,2151.0757583833374,1991.0757583833376,1901.0757583833376,1721.0757583833376,1811.0757583833376,1875.0757583833376,1823.0757583833376,1511.0757583833376,1501.0757583833376,1403.0757583833376,1583.0757583833376,1317.0757583833376,1281.0757583833376,989.0757583833376,965.0757583833376,1257.0757583833376,1273.0757583833376,1653.0757583833376,1497.0757583833376,923.0757583833376,1443.0757583833376,860,837.0757583833376,541.0757583833376,719.5897595430054,811.0757583833376,939.0757583833376,916,1044,788,696,526.244565960066,0,244,408,610.9872610054764,1085.0757583833376,1151.0757583833376,981.0757583833376,1191.0757583833376,1439.0757583833376,1023.0757583833376,1039.0757583833376,342.244565960066,884,768,1853.0757583833376,1701.0757583833376,1949.3417572236701,2070.284251406574,1501.0757583833376,956,1329.0757583833376,1443.0757583833376,506.244565960066,783.1302988006153,852.6162976409476,2121.73175722367,1669.91338978257,1620.73338978257,1746.6533897825698,1369.1297595430055,1525.7797595430054,1513.7797595430054,1015.5897595430054,789.0757583833376,1054.6281269841058,718.5140011596677,1248.8097595430056,859.1523686007681,1045.4142301286968,739.5730308767794,1158.8470831956668,944.6615282546406],[1965.0757583833376,1791.0757583833376,1769.0757583833376,1907.0757583833376,1747.0757583833376,1657.0757583833376,1477.0757583833376,1567.0757583833376,1631.0757583833376,1579.0757583833376,1267.0757583833376,1257.0757583833376,1159.0757583833376,1339.0757583833376,1073.0757583833376,1037.0757583833376,745.0757583833376,721.0757583833376,1013.0757583833376,1029.0757583833376,1409.0757583833376,1253.0757583833376,679.0757583833376,1199.0757583833376,616,593.0757583833376,297.07575838333764,475.58975954300536,567.0757583833376,695.0757583833376,672,800,544,452,282.244565960066,244,0,164,366.9872610054764,841.0757583833376,907.0757583833376,737.0757583833376,947.0757583833376,1195.0757583833376,779.0757583833376,795.0757583833376,98.24456596006598,640,524,1609.0757583833376,1457.0757583833376,1705.3417572236701,1826.2842514065744,1257.0757583833376,712,1085.0757583833376,1199.0757583833376,262.244565960066,539.1302988006153,608.6162976409476,1877.7317572236698,1425.91338978257,1376.73338978257,1502.6533897825698,1125.1297595430055,1281.7797595430054,1269.7797595430054,771.5897595430054,545.0757583833376,810.6281269841058,474.5140011596677,1004.8097595430056,615.1523686007681,801.4142301286968,495.5730308767794,914.8470831956668,700.6615282546406],[1801.0757583833376,1627.0757583833376,1605.0757583833376,1743.0757583833376,1583.0757583833376,1493.0757583833376,1313.0757583833376,1403.0757583833376,1467.0757583833376,1415.0757583833376,1103.0757583833376,1093.0757583833376,995.0757583833376,1175.0757583833376,909.0757583833376,873.0757583833376,581.0757583833376,557.0757583833376,849.0757583833376,865.0757583833376,1245.0757583833376,1089.0757583833376,515.0757583833376,1035.0757583833376,780,429.07575838333764,133.07575838333761,311.58975954300536,403.07575838333764,531.0757583833376,633.0757583833376,761.0757583833376,708,616,446.244565960066,408,164,0,202.9872610054764,677.0757583833376,743.0757583833376,573.0757583833376,783.0757583833376,1031.0757583833376,615.0757583833376,631.0757583833376,262.244565960066,804,688,1445.0757583833376,1293.0757583833376,1541.3417572236701,1662.2842514065744,1093.0757583833376,876,921.0757583833376,1035.0757583833376,98.24456596006598,626.9734619020578,696.4594607423901,1713.7317572236698,1261.91338978257,1212.73338978257,1338.6533897825698,961.1297595430054,1117.7797595430054,1105.7797595430054,607.5897595430054,381.07575838333764,646.6281269841058,638.5140011596677,840.8097595430056,779.1523686007681,965.4142301286968,331.5730308767794,750.8470831956668,536.6615282546406],[2004.063019388814,1830.063019388814,1808.0630193888142,1946.063019388814,1786.063019388814,1696.063019388814,1516.0630193888142,1606.0630193888142,1670.063019388814,1618.063019388814,1306.0630193888142,1296.0630193888142,1198.0630193888142,1378.0630193888142,1112.0630193888142,1076.0630193888142,784.063019388814,760.063019388814,1052.0630193888142,1068.0630193888142,1448.0630193888142,1292.0630193888142,718.063019388814,1238.0630193888142,982.9872610054764,632.063019388814,336.06301938881404,514.5770205484818,606.063019388814,734.063019388814,836.063019388814,964.063019388814,910.9872610054764,818.9872610054764,649.2318269655424,610.9872610054764,366.9872610054764,202.9872610054764,0,880.063019388814,946.063019388814,776.063019388814,986.063019388814,1234.0630193888142,818.063019388814,834.063019388814,465.2318269655424,1006.9872610054764,890.9872610054764,1648.0630193888142,1496.0630193888142,1744.3290182291466,1865.271512412051,1296.0630193888142,1078.9872610054763,1124.0630193888142,1238.0630193888142,301.2318269655424,829.9607229075342,899.4467217478665,1916.719018229146,1464.9006507880463,1415.7206507880464,1541.640650788046,1164.1170205484818,1320.767020548482,1308.767020548482,810.5770205484818,584.063019388814,849.6153879895822,841.5012621651441,1043.7970205484821,982.1396296062445,1168.401491134173,128.585769871303,953.8343442011432,739.648789260117],[1332,1158,1120,1066,906,816,828,918,998,978,666,608,510,498,424,388,96,120,412,684,1064,412,430,358,932,248,544,365.4859988403323,318,446,548,676,676,768,926.8311924232717,1085.0757583833376,841.0757583833376,677.0757583833376,880.063019388814,0,66,392,602,850,178,450,742.8311924232717,772,840,960,1112,1360.2659988403325,1481.2084930232368,912,844,484,854,578.8311924232717,680.8697011993847,611.3837023590524,1244.655998840332,824.8376313992324,727.6576313992323,661.5776313992321,587.9459988403322,795.2959988403322,807.2959988403322,69.48599884033229,296,561.5523686007682,745.4859988403323,163.73400115966797,931.1523686007681,933.4142301286968,1008.648789260117,313.7713248123291,140.414230128697],[1326,1152,1114,1000,840,750,822,912,992,1044,732,602,504,432,418,454,162,186,478,750,1130,346,496,292,998,314,610,431.4859988403323,384,512,614,742,742,834,992.8311924232717,1151.0757583833376,907.0757583833376,743.0757583833376,946.063019388814,66,0,458,668,916,244,516,808.8311924232717,838,906,954,1178,1426.2659988403325,1547.2084930232368,978,910,550,920,644.8311924232717,746.8697011993847,677.3837023590524,1238.655998840332,890.8376313992324,721.6576313992323,595.5776313992321,653.9459988403322,861.2959988403322,873.2959988403322,135.4859988403323,362,627.5523686007682,811.4859988403323,97.73400115966797,997.1523686007681,999.4142301286968,1074.6487892601172,379.7713248123291,206.414230128697],[1372,1198,1318.015150645674,1456.015150645674,1296.015150645674,1206.015150645674,1026.015150645674,1116.015150645674,1038,986,674,806.015150645674,710,890,624,588,296,272,564,292,672,804,822,750,1156.5866264632057,144,440,618.5140011596677,710,838,940,1068,1068,992.5866264632057,822.8311924232717,981.0757583833376,737.0757583833376,573.0757583833376,776.063019388814,392,458,0,210,458,330,58,638.8311924232717,1164,1064.5866264632057,1158.015150645674,720,968.2659988403326,1089.2084930232368,520,1236,492,462,474.83119242327166,933.8977035187202,1003.3837023590524,1284.655998840332,832.8376313992324,925.6727820449063,1053.5776313992321,388.0540011596678,544.7040011596678,532.7040011596678,322.5140011596677,688,953.5523686007682,998.5140011596677,555.734001159668,1155.7389950639738,1325.4142301286968,904.648789260117,194.2286751876709,532.414230128697],[1582,1408,1528.015150645674,1666.015150645674,1506.015150645674,1416.015150645674,1236.015150645674,1326.015150645674,1248,1196,884,1016.015150645674,920,1100,834,798,506,482,774,502,462,1014,1032,960,1366.5866264632057,354,650,828.5140011596677,920,1048,1150,1278,1278,1202.5866264632057,1032.8311924232717,1191.0757583833376,947.0757583833376,783.0757583833376,986.063019388814,602,668,210,0,248,540,268,848.8311924232717,1374,1274.5866264632057,1368.015150645674,510,758.2659988403326,879.2084930232368,310,1446,702,672,684.8311924232717,1143.8977035187202,1213.3837023590524,1494.655998840332,1042.8376313992324,1135.6727820449064,1263.5776313992321,598.0540011596678,754.7040011596678,742.7040011596678,532.5140011596677,898,1163.5523686007682,1208.5140011596677,765.734001159668,1365.7389950639738,1535.4142301286968,1114.6487892601172,404.2286751876709,742.414230128697],[1334,1160,1280.015150645674,1418.015150645674,1258.015150645674,1168.015150645674,988.015150645674,1078.015150645674,1000,948,636,768.015150645674,866.015150645674,1046.015150645674,926,890,754,730,866,594,214,1106,1280,1052,1614.5866264632057,602,898,1076.5140011596677,1168,1296,1398,1526,1526,1450.5866264632057,1280.8311924232717,1439.0757583833376,1195.0757583833376,1031.0757583833376,1234.0630193888142,850,916,458,248,0,788,516,1096.8311924232717,1622,1522.5866264632057,1120.015150645674,262,510.2659988403326,631.2084930232368,62,1694,794,424,932.8311924232717,1391.8977035187202,1461.3837023590524,1246.655998840332,794.8376313992324,887.6727820449063,1209.592782044906,690.0540011596678,506.70400115966777,494.70400115966777,780.5140011596677,1146,1411.5523686007682,1456.5140011596677,1013.734001159668,1613.7389950639738,1783.4142301286968,1362.6487892601172,652.2286751876709,990.414230128697],[1186,1012,990,1128,968,878,698,788,852,800,488,478,380,560,294,258,82,58,234,506,886,474,608,420,971.0280023193354,186,482,404.5140011596677,496,624,726,854,854,807.0280023193354,864.8311924232717,1023.0757583833376,779.0757583833376,615.0757583833376,818.063019388814,178,244,330,540,788,0,272,680.8311924232717,950,879.0280023193354,830,934,1182.2659988403325,1303.2084930232368,850,1022,306,676,516.8311924232717,719.8977035187202,789.3837023590524,1098.6559988403321,646.8376313992324,597.6576313992323,723.5776313992321,409.9459988403322,617.2959988403322,629.2959988403322,108.51400115966771,474,739.5523686007682,784.5140011596677,341.73400115966797,970.1803709201035,1111.4142301286968,946.648789260117,135.7713248123291,318.414230128697],[1314,1140,1260.015150645674,1398.015150645674,1238.015150645674,1148.015150645674,968.015150645674,1058.015150645674,980,928,616,748.015150645674,652,832,566,530,354,330,506,234,614,746,880,692,1214.5866264632057,202,498,676.5140011596677,768,896,998,1126,1126,1050.5866264632057,880.8311924232717,103